anx, 11.

1111221112, 264

Η11211211211222, 268.

11221121, 254. -

Hnevde, 1111112.

11211222162112,2201202118 239, 240, 241.

tem de 240, 241.

112211111223112122, 248.

Η21112,12112112 176, 178.Ι

1181111011, tem (12 268, 271.

1-121111112211111122, 268, 272.

Η211121116212 (111111ᾶᾶ16218), 257, 259.

Η21121121, 176178.

Η2112111211211, 160161, 195,196.

Hothouswyre, 267, 271.

Hethpol, 267.

1121212222, 257, 259

1112211112 (11121112),222121“12 112 248, 249.

-- territorium de 159, 160, 288,
mmmmmm

Hungerigs, terrare 251, 259.

1112211112 (11160112), 281, 282, 288.
1211211112, 262.

-- 21212 112 262.

,1252111111 (1266212210), 286, 242, 249.
5211112252τί3, 224,

Κ2112121, 254.

11211151, 229, 262, 265.
8212221252, 198.

1121221212, 225.

Keluesetescloeh, 219.

1121221212, 219.

Keresbon, terra de 172, 173, 202, 203.
Κ111121122111222, territorium 112 160.
11112221, 266.

ringisoum, 194, 195.

Ringiffete, 119, 194,195.
1111111221, monasterium (12 272.

1221621122, rivulus 112 206.

Lambruor, 12111121 (12 202.

12131112, 168.

huneder, 208, 204, 205, 231.

Ι.221121212(1.2112112111), 264.

1281292811), 161, 229252.

1282621112,121·12112 161, 229, 280.

1012121222 (Lilliselioe), 12112 112249,
250, 251, 252, 253, 254, 255, 256,

257.

‚INDEX LOCORUM.

Lillesethetbume‚ 224.
Lintedikes. 254.
Listun, 179.
Lunkepeth, 198.
Lyueringhm‚ 265.

· 1121121122 (Μ2111111112, Μαι122),12212 de

219, 220, 221, 222, 223, 224,
225, 226, 227.
-—-·- 22212112 112 221.
Μ212111111122, terro de 217, 218.
11212212111211, 281.
1112122111, 262.
Μ22112112, 12112112 159.
Maybothel, 2221211112 168, 169.
Μ2111211121112211, terrario 167, 168.
Meldresdoeiheued, 262.
Milkenffide, terra 112 160.
Μ2112, 12112112 161, 287, 257, 258, 259,
260, 261, 262, 263.
Μ22211211121822, 241.
Μ2111118, 220, 221, 223, 224, 225, 227.
1121222222, 12112112 214.

Ν11111111221212, 268, 271.

Neuton in 01221121, 2221262 Sancti Goe-
gorii de 271, 272.

Neutun, 271, 272.

Novum Castellum, 272.

1192121222 111, 121, 115.

Ρ8111186081188, 189, 190, 191, 192, 193,
&otgotz-m 12 territorio de 195, 196,
Peitiliiihugh, 212.

Pollelogan (12112322), 11111111 de 181,
1511121111, 112111.

Ρ211211211122, 172,178.

Polleehoustergan, rivulus 112 188.
Prenwensete, 237, 238.
Ρ1201211221111111122, 196198.

Quindenhope, 11111121 112 160.

1121252112 (1121221, 11211112), 160, 242,
243, 244, 245, 246, 247, 243.
e

 

