mu..

INDEX LOCORUM. xxix

0111111111(οΜ11111), 111 01111(111,1),1111 111 111111.

&amm
1101111 (11111111), 21, 22.
Dufpol, 11111111 61 55, 57, 62, 64.
11111111, 10111111 61 41, 42.
1111116111, 24. ·
1)1111110111, 55, 56, 62, 64, 66.
Ducenda, 55.

1161110161, 50.

Ε6111611111(Η16111611111),10111’ 11011·
111161 130. ·

namnam (116111116111111), tem 61
01001

Ε61111611110111, 50, 52.

Ε1611111, tem de, 12, 154.

Ε101010011, 152 ⁰.

Ε11111111, 152 ·.

1116111111111111, 1111161 111, 152 ”, 155,

11111116111111110110031, pastura que 6111-
tur, 52.

11111111οω116, 111 que 1001111, 21.

11161110111111101, 151.

Ε111116111(1111116111),1111161 50, 55, 56.

Essingcloh (HessIngeloh), 67.

Estfulhope, 155.

1111110161, 69.

11113011, tem 11 territorio de 75, 10.
penda in territorio 61 76.
1111111111, 24,136.

Fnuhopeburne, 12, 90, 92, 100.
11111111, 79.

1111111111, rivulus 61 105.
1116111111111, 59.

1011111, 79.

1111110111, tem 61 152.

11111016, 19.

1011111111. 55, 56, 62.

1111110111, 45.

Fulevitheniu, 69.

(1611161111161 12,100, 101, 102.
Gflnm, 2¹· ,

(1111101161, 12.

(11111111, 15, 58, 60.

Gnrpol, 65.

Gwpollismuthe, 65 ¹.
Gfflebeoeokeflm, 11, 11.

6111110161, 24.

Ghsgufflfiss, eoelefifl 22, 23·

Glosangan, 50, bo-

(1061111111 (60611111), 55, 59, 60, 63'. .

Glengeuel, 56, 57, 60, 62, 65 5.

(11111111, 0111111011 61 27.

*¹¹¹¹*- ω de 2⁷2 28·

Grenelawe, 59.

Gretkerigge, 75.

Grubbeheued, 104, 105,,106 108,110,
111, 111, 111, 151 ·, 155.

11111111111111, bum 111 59, 60.

111111116011111, 59.

1011111111 151 ⁶, 155.

1111111111, juxta aquam 61 1111111 110.

1111311111, 19.

Η1111111111111, 156.

Harma, 112, 142.

Η111110111, 152 ”.

Η1111011,106ἰ61 145, 149, 150.

Harehopeden( 111111101161111), 141 , 142
144, 152 '2 155· ’

1111111161, 54.

Harhope, 111-11 que 61111111, 71.

Η111111, 69.

Haropeburne, 71, 73.

1110111011, 110101 de 111, 115. 111,
115, 110, 117, 111.

Η1111111311111, 24.

Hausurlnngdene, 119, 121.

Η1111111, nm 61 54.

1116111611111, 131.

Helle 119, 121.

1111111611, 44, 45.

1111111111, 155.

Η1161111 (1101111111), 156, 155.

Η116111111,126, 127.

f 11111111161111, villa 61 92.

Herteffieued, 30, 84, 41, 42, 48, 44, 45,
Η611611166, 1111161146, 147, 151 *, 155. 1,,
1101611111, 0110111161 16, 17. “
Ηο1111161,11111 100111 130, 151.
11011111 (1101611101), 145, 149, 150,
111111. 119, 121.

1111011111, 31:25⁸& 110, 120, 126125,
-- 11111111, 111, 110, 121.
11111611111111111, 119.

 

