4114. · INDEX LOCORUM. 'xxxi

11444011004·’(11414114114, 11414144) 122, 81414100 (81414144), 43, 45, 52, 58. ’
123, 124. · 80114114οε14, 131.
11444441144, 141, 142, 145, 146, 147,
1146411004, 63 '. Tacwith, 89.
0464140144, 55, 56, 59, 62, 64. Τ40141, aqua de 139, 140.
1114311064, 139, 140, 141. Τ1110141, foresta 64 80.
1110111133, 138. Threpwude, 69, 101.
11010004, ⁷⁵, 104,106‚1oe,130. 1001400010, 114, 149, 150, 151.
110401011014044, 80. Τ140490411,1014046412.
Το411441141, (Τ110144114411) 30, 84.
Τ4414341111, 23
Sancti cuthberti 10114 40. Turnebiri (Tomebiri), saline in territorio
samoe (Smou), ⁵5, 56, ⁵9, 61, 62, 64, de 29·
66. Τ41464, aqua de 12, 16, 100, 136.
844404614041411, 91, 92. *piscatura de 17.
8400111464, 133. ’ Tympaneleeche, 39.
840014464014046, 138.
8414161114114, foresta de, 12.
15, 77, 91, 92, 93, 137. wedale, 12, 69, 101, 103.
*piscatura de 12. -- codena 64 103.
84140464, 464 131. 1141614444(114111141144), 30, 34.
8411144414, piscaria 64 16, 17. Westfulhope, 138.
180141640416, 87, 90, 92, 93, 94. Widhope, 71, 73.
8961, tem (14 42, 44, 45, 46, 47· Widhopeburn, 71, 73.
8914016404, 236. 1114640404, 82, 83, 97, 99.
814144144, 69. 1111114614, 133.
8144404014, 434 11114414146191149), 84, 95, 103.
5004400040, 100. Witerig (wytherig), 89, 135.
Standchelesburne, 43, 53. Witsclad (Wytsclad), 50, 51, 52.
standene, 441441 (14 100, 101. 11141104 (wittun, 11411100),111,118,121,
-1170111864 100. ’ 142, 143, 145, 146, 147, 148, 150,
814116ωοοω4, 69. 151,151·,152, 15³, 154155, 156.

’ REGE ALEXANDRO ΙΙ.

44641οῃ64004. V. Edmundistun. 11411014164159.

81114, 250. ’ Areum, 224. .
,4414441414 (114411944141), 186, 187. 0144444144, 0404 qui (1141101, 183.
0660444141, 267, 268, 271, 272. Α114441644.’ 11. Η41144416411.
4161014034, 228. Α44114491141,1411·464 167, 170.
81414414, 14114 64 167.

Α111141161111, 172, 178. ,

10100114411404 219. 235. 1141144143, 44640464 201, 202.

 

