xxxii

Rumor (8111111), eoo, 8ο1, 111. „
Bele, 191. 199·

88181118, 196, 197.

1181111111 (8818111118), 184, 199.
118111818ηᾶ11, 254.

88111181, astrum 118 166.

—-— piscaria 118 163, 164.
--- 18111 in Snooo 118 166.
-- rem in 81188118 118 164.
-— 1111111111 118 159.

-- 11111118 165, 210, 212, 214.
Bethor, 18111118 167, 170.

8118111118. 237.
Β111111111ἰ888(811111111181188), 268. 271.
northwic (Βο181111811),18πι (18 176, 178.
—-·· 11111 8 237.

1181111111 (8811181), 262, 268.

11188, 198.

1110111οῆ1811, 228.

Brokismuth, 217, 218.

1111188118, 254.

Β11111181111111 (8111118111), 186. 137.
Bruneenolleflat, 248, 244, 245.

(1811181818, 249, 250, 251.
0111881188. 189,194, 195.

(1111118, 248.

Cam, 1111νί111 118 183.

- 1111111118 188.
(188118181811818, 225.

(3881811811, 254.

01181111, territorium 118 160, 237, 288,
0818888, 268, 271.
Copthrawereselouch, 235.
011111811, 241.

Crokepolhou, 199.

(111181111111811, 188.

erenaesmwe, 265.

crukehou, 237, 238.

Cuidenop (euithenhop), 246, 248.
Cudhbrichtessrope, 160, 246.
Cukoueburne, 237.
(181181111811111118, 249, 250, 251.

1181111118, 217, 218.

1111811811 (1181811881), 18111 81 rivulus
118181, 182, 183, 184.

1181811111, 186, 187.

1181181181111111, 182, 188.

11811181, 111111.

INDEX LOCORUM.

ALEx. 11.

Dm, rqun 118 172, 173, 174.
1111118118, 197.
111111111111118118, 18118 118 167.
1111111181, 186.

1111111111, tem 118 171.
1)1111181)1,181,182, 188, 184.
1111181881, 182, 188.

1111188111, tem 118 159.

8118111111, 11111 118 215.
Ε1111111111118, 210, 212.
Edinburc. 268.
Edmundistun, grangia 118 199.
molendinum 118 199.
tem de 159, 196, 19⁷·
Edriddeseth. Vide 1181118111818.
1311818111, 225.
Ellen, 262.
Ε111811118,18111 118 159, 175,177.180,
Ε111, 11118, 178.
Ε11181,11ιιο 176, 178.
11111118(Ει1]1,Ε111111811, 1181111111), flu·
11111118 234, 285.
—- terra 118 235.

8811111188, butt· 118 262
811181818811, 171.

1111118111, 116, 1111111.
Fastinei, 193.
1118111181εώ8, 225.

(111118, 229, 230.
(1181181111, 183.
(1181111118, 271.
(1181818181, 182.
GOdffleyj tm de 20⁰·
Grayrrrggr, 199.
Grenloueflath‚ 232.
(1181111 . 219, 228.
(1181111118, 232.

(1181118, 1811111111 118 224.
(1118881181811, 18111118 237, 238.

Η111111811111, 188. ·
1111118181, 206, 207, 208, 209, 210, 211,
11111111811111111, 266.

 

